steering_angle_1
x 1.0, 4.0, 3.0, 5.0, 5.0, 7.0, 7.0, 8.0
y 1.0, 4.0, 3.0, 5.0, 5.0, 7.0, 7.0, 8.0
$
steering_angle_2
x 1.0, 4.0, 3.0, 5.0, 5.0, 7.0, 7.0, 8.0
y 8.0, 7.0, 6.0, 5.0, 4.0, 3.0, 2.0, 1.0
$
wheel_torque_front_left_type_1
x 1.0, 4.0, 3.0, 5.0, 5.0, 7.0, 7.0, 8.0
y 1.0, 4.0, 3.0, 5.0, 5.0, 7.0, 7.0, 8.0
$
wheel_torque_front_left_type_2
x 1.0, 4.0, 3.0, 5.0, 5.0, 7.0, 7.0, 8.0
y 8.0, 7.0, 6.0, 5.0, 4.0, 3.0, 2.0, 1.0
$
wheel_torque_front_left_type_3
x 1.0, 4.0, 3.0, 5.0, 5.0, 7.0, 7.0, 8.0
y 1.0, 4.0, 3.0, 5.0, 5.0, 7.0, 7.0, 8.0
$
wheel_torque_front_left_type_4
x 1.0, 4.0, 3.0, 5.0, 5.0, 7.0, 7.0, 8.0
y 8.0, 7.0, 6.0, 5.0, 4.0, 3.0, 2.0, 1.0
$
wheel_torque_front_right_type_1
x 1.0, 4.0, 3.0, 5.0, 5.0, 7.0, 7.0, 8.0
y 1.0, 4.0, 3.0, 5.0, 5.0, 7.0, 7.0, 8.0
$
wheel_torque_front_right_type_2
x 1.0, 4.0, 3.0, 5.0, 5.0, 7.0, 7.0, 8.0
y 8.0, 7.0, 6.0, 5.0, 4.0, 3.0, 2.0, 1.0
$
wheel_torque_front_right_type_3
x 1.0, 4.0, 3.0, 5.0, 5.0, 7.0, 7.0, 8.0
y 1.0, 4.0, 3.0, 5.0, 5.0, 7.0, 7.0, 8.0
$
wheel_torque_front_right_type_4
x 1.0, 4.0, 3.0, 5.0, 5.0, 7.0, 7.0, 8.0
y 8.0, 7.0, 6.0, 5.0, 4.0, 3.0, 2.0, 1.0
$
wheel_torque_rear_left_type_1
x 1.0, 4.0, 3.0, 5.0, 5.0, 7.0, 7.0, 8.0
y 1.0, 4.0, 3.0, 5.0, 5.0, 7.0, 7.0, 8.0
$
wheel_torque_rear_left_type_2
x 1.0, 4.0, 3.0, 5.0, 5.0, 7.0, 7.0, 8.0
y 8.0, 7.0, 6.0, 5.0, 4.0, 3.0, 2.0, 1.0
$
wheel_torque_rear_left_type_3
x 1.0, 4.0, 3.0, 5.0, 5.0, 7.0, 7.0, 8.0
y 1.0, 4.0, 3.0, 5.0, 5.0, 7.0, 7.0, 8.0
$
wheel_torque_rear_left_type_4
x 1.0, 4.0, 3.0, 5.0, 5.0, 7.0, 7.0, 8.0
y 8.0, 7.0, 6.0, 5.0, 4.0, 3.0, 2.0, 1.0
$
wheel_torque_rear_right_type_1
x 1.0, 4.0, 3.0, 5.0, 5.0, 7.0, 7.0, 8.0
y 1.0, 4.0, 3.0, 5.0, 5.0, 7.0, 7.0, 8.0
$
wheel_torque_rear_right_type_2
x 1.0, 4.0, 3.0, 5.0, 5.0, 7.0, 7.0, 8.0
y 8.0, 7.0, 6.0, 5.0, 4.0, 3.0, 2.0, 1.0
$
wheel_torque_rear_right_type_3
x 1.0, 4.0, 3.0, 5.0, 5.0, 7.0, 7.0, 8.0
y 1.0, 4.0, 3.0, 5.0, 5.0, 7.0, 7.0, 8.0
$
wheel_torque_rear_right_type_4
x 1.0, 4.0, 3.0, 5.0, 5.0, 7.0, 7.0, 8.0
y 8.0, 7.0, 6.0, 5.0, 4.0, 3.0, 2.0, 1.0
$
wheel_force_x_axis_front_left
x 1.0, 4.0, 3.0, 5.0, 5.0, 7.0, 7.0, 8.0
y 1.0, 4.0, 3.0, 5.0, 5.0, 7.0, 7.0, 8.0
$
wheel_force_x_axis_front_right
x 1.0, 4.0, 3.0, 5.0, 5.0, 7.0, 7.0, 8.0
y 8.0, 7.0, 6.0, 5.0, 4.0, 3.0, 2.0, 1.0
$
wheel_force_x_axis_rear_left
x 1.0, 4.0, 3.0, 5.0, 5.0, 7.0, 7.0, 8.0
y 1.0, 4.0, 3.0, 5.0, 5.0, 7.0, 7.0, 8.0
$
wheel_force_x_axis_rear_right
x 1.0, 4.0, 3.0, 5.0, 5.0, 7.0, 7.0, 8.0
y 8.0, 7.0, 6.0, 5.0, 4.0, 3.0, 2.0, 1.0
$
wheel_force_y_axis_front_left
x 1.0, 4.0, 3.0, 5.0, 5.0, 7.0, 7.0, 8.0
y 1.0, 4.0, 3.0, 5.0, 5.0, 7.0, 7.0, 8.0
$
wheel_force_y_axis_front_right
x 1.0, 4.0, 3.0, 5.0, 5.0, 7.0, 7.0, 8.0
y 8.0, 7.0, 6.0, 5.0, 4.0, 3.0, 2.0, 1.0
$
wheel_force_y_axis_rear_left
x 1.0, 4.0, 3.0, 5.0, 5.0, 7.0, 7.0, 8.0
y 1.0, 4.0, 3.0, 5.0, 5.0, 7.0, 7.0, 8.0
$
wheel_force_y_axis_rear_right
x 1.0, 4.0, 3.0, 5.0, 5.0, 7.0, 7.0, 8.0
y 8.0, 7.0, 6.0, 5.0, 4.0, 3.0, 2.0, 1.0
$